5
ovalc
ovalVert
fig8
fig8sm
triangle

fly1
fly2

12 10 11 5 3 4 3

10

C
250 250 0 0
24.0
24.0 0.8
0 200 50

C
100 400 0 0
16
16.0 0.8
0 128 64

C
100 300 0 0
16.0
20.0 0.8
0 50 200

R
5 24.0 0.0
100 100 0 0
24.0 0.8
155 0 255

R
5 24.0 0.0
100 100 0 0
24.0 0.8
155 0 255

C
250 250 0 0
24.0
24.0 0.8
0 200 50

C
100 300 0 0
16.0
20.0 0.8
0 50 200

C
100 300 0 0
16.0
20.0 0.8
0 50 200

C
250 250 0 0
24.0
24.0 0.8
0 200 50

C
100 300 0 0
16.0
20.0 0.8
0 50 200

2 t
4 s 0
5 t
0 s 1
2 t
0 t
5 t
4 t
0 s 1
5 t