include/images/M484SpaceSoldier.png

6

8
9   68 48 48
60  68 48 48
111 68 48 48
162 68 48 48
213 68 48 48
264 68 48 48
315 68 48 48
366 68 48 48

8
9   124 48 48
60  124 48 48
111 124 48 48
162 124 48 48
213 124 48 48
264 124 48 48
315 124 48 48
366 124 48 48

8
9   12 48 48
60  12 48 48
111 12 48 48
162 12 48 48
213 12 48 48
264 12 48 48
315 12 48 48
366 12 48 48


8
9   457 48 48
60  457 48 48
111 457 48 48
162 457 48 48
213 457 48 48
264 457 48 48
315 457 48 48
366 457 48 48

8
9   513 48 48
60  513 48 48
111 513 48 48
162 513 48 48
213 513 48 48
264 513 48 48
315 513 48 48
366 513 48 48

8
9   401 48 48
60  401 48 48
111 401 48 48
162 401 48 48
213 401 48 48
264 401 48 48
315 401 48 48
366 401 48 48

1 0 2
1 0 5 4
7 6 3 2