11

1.5
2 0
0 200
3 R 0 2 1
40 160
1 R 14

L 12 7 -12 7

1.5
1 0
127.5 200
9 D 18 18 18 18 18 18 18 18 18

L 12 7 -12 7

1.5
1 0
127.5 600
5 R 0 2 2 2 1

L 12 7 -12 7

1.5
1 0
359.5 165
10 D 17 17 17 17 17 17 17 17 17 17

L 12 7 -12 7

1.5
3 0
359.5 165
7 R 0 2 2 2 2 2 1
500 120
1 R 16
550 170
3 D 9 9 20

L 12 7 -12 7

1.5
3 0
500 400
4 R 0 19 19 1
700 355
1 R 11
850 310
1 R 12

L 12 7 -12 7

1.5
2 0
1000 190
5 R 0 19 19 19 1
1150 195
3 D 9 9 9

L 12 7 -12 7

1.5
1 0
1100 475
5 R 0 19 19 19 1

L 12 7 -12 7

1.5
3 0
1750 400
6 R 0 2 2 2 2 1
1900 260
1 R 13
1800 410
3 D 9 9 9

L 12 7 -12 7

1.5
1 0
2010 360
1 R 8

A 35 47 -35 47 200.0

1.5
1 0
2335 400
4 R 0 19 19 1

L 12 7 -12 7