include/images/shipsFlapWedgeUfo.bmp

9

8
1   1 48 48
49  1 48 48
98  1 48 48
147 1 48 48
196 1 48 48
245 1 48 48
294 1 48 48
343 1 48 48

8
1   49 48 48
48  49 48 48
97  49 48 48
146 49 48 48
195 49 48 48
244 49 48 48
293 49 48 48
342 49 48 48

8
1   99 48 48
48  99 48 48
97  99 48 48
146 99 48 48
195 99 48 48
244 99 48 48
293 99 48 48
342 99 48 48

8
1   149 48 48
48  149 48 48
97  149 48 48
146 149 48 48
195 149 48 48
244 149 48 48
293 149 48 48
342 149 48 48

5
1   198 30 30
33  198 30 30
66  198 30 30
99  198 30 30
132 198 30 30

10
1   231 30 30
33  231 30 30
66  231 30 30
99  231 30 30
132 231 30 30
1   264 30 30
33  264 30 30
66  264 30 30
99  264 30 30
132 264 30 30

8
1   296 30 20
33  296 30 20
66  296 30 20
99  296 30 20
132 296 30 20
1   330 30 20
33  330 30 20
66  330 30 20

14
1   400 48 48
48  400 48 48
97  400 48 48
146 400 48 48
195 400 48 48
244 400 48 48
293 400 48 48
342 400 48 48
1   450 48 48
48  450 48 48
97  450 48 48
146 450 48 48
195 450 48 48
244 450 48 48

14
1   498 48 50
50  498 48 50
99  498 48 50
148 498 48 50
197 498 48 50
246 498 48 50
1   550 48 50
50  550 48 48
99  550 48 48
148 550 48 48
197 550 48 48
246 550 48 48
295 550 48 48
344 550 48 48